STATE,DOSE EQUIVALENT RATE (nSv/h),GAMMA COUNT RATE R02 (CPM),GAMMA COUNT RATE R03 (CPM),GAMMA COUNT RATE R04 (CPM),GAMMA COUNT RATE R05 (CPM),GAMMA COUNT RATE R06 (CPM),GAMMA COUNT RATE R07 (CPM),GAMMA COUNT RATE R08 (CPM),GAMMA COUNT RATE R09 (CPM)
Alabama.csv_2.csv 0,,2094.565414507772,1119.0639896373057,308.0559585492228,162.70129533678755,92.39870466321244,109.96295336787564,68.40349740932642,37.839507772020724
Alaska.csv_2.csv 0,,868.4148387096774,528.0690322580646,161.15032258064517,81.47709677419356,48.60967741935484,60.09532258064516,39.63693548387097,22.809838709677418
Arizona.csv_2.csv 0,,3028.5942864806866,1761.2752145922748,545.0150214592275,277.97103004291847,188.30297746781116,219.69863197424894,138.23605150214593,40.42918454935622
Arkansas.csv_2.csv 0,,2164.417470596009,1432.1889784590987,397.2025901942646,229.89044535483018,135.4476014272499,165.8419452887538,104.76159640544469,37.73106911589798
California.csv_2.csv 0,,2946.1780428222446,1826.0041672654118,535.9369162235953,276.1671217128898,178.85357091536142,214.53269147866072,117.39430952723093,41.67480959908033
Colorado.csv_2.csv 0,,4587.241635167296,2752.184796304074,784.1992160156797,395.7762844743105,250.9284614307714,320.4057118857623,161.0060198796024,81.32493350132998
Connecticut.csv_2.csv 0,,2919.4322549838844,1860.5647606541722,585.8707174406112,293.2510445266802,167.75098483944132,176.1758386057061,85.09132147546855,32.53264891966098
Delaware.csv_2.csv 0,,1689.3342074210043,975.5029500458896,297.6117739609283,155.0120624098597,97.03133604300511,119.78248328307329,65.90271404221843,25.607447226956864
Florida.csv_2.csv 0,,1488.6774434964825,910.7211495285137,271.2870827720401,133.41445891333632,81.98578057177069,104.36341864990271,54.488250261936834,25.74075737165095
Georgia.csv_2.csv 0,,2881.875214805023,1708.6565763384006,497.84904163912756,264.00502313284863,176.31658955717117,217.93972240581627,136.6769332452082,60.68962326503635
Idaho.csv_2.csv 0,,2654.9266640095657,1546.8771090740004,430.2698286169789,226.91776272087154,124.74212833798326,145.74624684469245,87.58057659093929,32.242460475621094
Illinois.csv_2.csv 0,,1850.4134311369673,1081.363475401543,316.61110408498797,168.78474769191854,101.54673074490957,128.8035917541419,70.35019602883521,34.236372834197546
Indiana.csv_2.csv 0,,1443.0302355187778,908.1266709102482,261.9995225970719,144.78580521960535,80.22819859961808,109.18666454487588,61.034373010821135,24.958147676639083
Iowa.csv_2.csv 0,,1724.9401314188367,1050.469213920662,304.4597225602336,162.52397176928693,94.09418349963495,116.65940618155268,72.87892431248478,33.369919688488686
Kansas.csv_2.csv 0,,2646.9403444895675,1733.6189609298417,495.043831396163,266.440414507772,154.72916958409186,182.58969332026328,102.76893992438033,38.560985856322645
Kentucky.csv_2.csv 0,,2516.982238691541,1462.1801686685408,424.0888065422949,215.7038078200869,127.9865831842576,152.73818042422693,91.30360337337082,52.264758497316635
Louisiana.csv_2.csv 0,,1655.6305987741632,977.8095238095239,294.8760018859029,151.43316831683168,86.81612446958981,109.37541254125412,65.47501178689298,35.066242338519565
Maine.csv_2.csv 0,,2377.8803197234824,1398.1404190969972,383.3037373082739,188.19161806005616,118.89608986822208,139.73320371570534,73.88593648736229,29.898898250162024
Maryland.csv_2.csv 0,,1634.3717171717171,1048.518686868687,295.3926767676768,163.21957070707072,94.50340909090909,113.68219696969697,71.20669191919193,28.326515151515153
Massachusetts.csv_2.csv 0,,3135.286232823438,1954.5486129115893,562.7212859735546,299.44542390458906,198.4010889292196,230.36142079336273,140.7674358309567,39.91794140523723
Michigan.csv_2.csv 0,,1750.7773801002147,1140.6366022429015,326.8381054640897,169.4477451682176,103.33619661178716,122.97816750178954,66.63481269386781,31.04127893104271
Minnesota.csv_2.csv 0,,1572.6698331506516,927.1982706125929,264.76239191328705,137.03008159785654,82.31737912556326,103.86664230909756,55.91012056996712,23.41371331141152
Mississippi.csv_2.csv 0,,1817.3765834460705,925.9263313245604,237.28323699421966,125.12815151887837,66.60078711105645,78.74418890665355,49.872094453326774,28.631779608904193
Missouri.csv_2.csv 0,,1625.3625937362153,962.181443905308,273.4900749889722,152.38538450227907,86.83414203793559,116.26437288634024,70.53036318188502,27.520511689457432
Montana.csv_2.csv 0,,3956.998988110296,2903.17986339489,1012.317859853276,558.7286870731091,327.3002782696686,331.8680748798381,140.6947887680243,64.18947634707817
Nebraska.csv_2.csv 0,,2630.452863179368,1630.7923648550197,463.1553256593327,247.13434358152412,150.06586041089903,189.29360338044586,103.43158968381175,36.17834766137258
Nevada.csv_2.csv 0,,1608.557898541993,965.9550548258826,269.34522231594167,146.2178575732016,85.6123629352934,104.86721291721894,65.17351488131101,27.82576214001687
New Hampshire.csv_2.csv 0,,3098.5499940835402,1796.5181635309432,510.39214294166374,259.76085670334874,166.34989942018697,196.99420186960123,97.67057152999645,35.03904863329783
New Jersey.csv_2.csv 0,,1840.0896818875456,1034.2726845873929,289.57142857142856,154.66639276910436,95.71545956098133,114.60464843291466,75.4432445122667,37.001995539382555
New Mexico.csv_2.csv 0,,3285.885166006701,1998.0539141029546,604.22479439537,320.15412732257084,198.5050258909534,250.29424307036248,130.0304599451721,61.90496497106305
New York.csv_2.csv 0,,1780.391094420601,981.2764663805436,299.19456366237483,155.79220314735335,97.36498569384835,125.67972103004291,81.25983547925608,48.96101573676681
North Carolina.csv_2.csv 0,,2148.27046970342,1396.7374769405421,393.40981978146726,214.77877110827302,134.65574003121895,164.71675890449836,99.81580814531006,41.182205193699446
North Dakota.csv_2.csv 0,,2288.5904471544713,1429.7883638211383,407.7909044715447,228.28506097560975,131.45846036585365,172.4439786585366,107.30652947154472,51.95579268292683
Ohio.csv_2.csv 0,,1698.5423872294111,1015.3584472124803,304.29048252509375,149.67444672874592,78.69307050429315,95.3451445156609,57.17716773491353,31.42290482525094
Oklahoma.csv_2.csv 0,,2696.0345871666473,1707.3224641900547,501.9211598928613,259.35122860137415,162.17677885175266,192.12914871317108,111.64364737393734,46.47525328985676
Oregon.csv_2.csv 0,,1887.141092857975,1076.0611674239776,312.77851567051147,167.09006174997089,103.13118956075964,127.56495397879529,80.05068157986717,30.429686589770476
Pennsylvania.csv_2.csv 0,,1770.9602186809352,1008.9136908223799,298.55821798301736,146.0246597650343,84.60881702919623,98.69512620681633,57.273583808305226,32.89391648249389
Rhode Island.csv_2.csv 0,,2759.4359301287773,1609.5353818691826,463.977942113987,236.1686854519954,153.1501976284585,179.03238556674742,99.7497131199796,32.628841004717586
South Carolina.csv_2.csv 0,,2704.046060755742,1509.669054087429,414.2800691528773,203.41034823413187,116.8125463077303,125.90380340824895,82.74808594714744,51.345640898987405
South Dakota.csv_2.csv 0,,3090.8841439304074,1869.6735204955846,489.8413074996705,259.06853828917883,140.05496243574535,170.39791749044417,98.00896269935416,33.625675497561616
Tennessee.csv_2.csv 0,,1957.7741204892043,1207.7049675373698,349.3030348784539,190.23312698173032,111.7778952136494,141.37762343348936,94.59066888117168,59.98233428959686
Texas.csv_2.csv 0,,2207.063866584311,1405.0828906732552,391.5325509573811,215.5950586781964,120.30352069178505,148.9631871525633,93.68424953675108,44.977269919703524
Utah.csv_2.csv 0,,2316.0394957983194,1487.9198079231692,439.3499399759904,243.5110444177671,144.26182472989197,170.9435774309724,107.56434573829532,39.95654261704682
Vermont.csv_2.csv 0,,1888.1085388552815,1128.7631456491392,321.5378082829223,165.73301535597952,103.25849232201024,129.94625407166123,77.24336900884133,46.15542112610517
Virginia.csv_2.csv 0,,2410.6538369591203,1577.490796079369,490.2954817116902,268.8620607219699,154.4982070284485,173.78006215634713,103.71408080325125,49.99438202247191
Washington.csv_2.csv 0,,1265.5625441696113,713.5215547703181,203.6168433451119,104.32014134275619,62.7170789163722,76.35347467608952,45.6263839811543,25.411189634864545
West Virginia.csv_2.csv 0,,2320.4049909020014,1535.7005458799065,480.4321549259163,291.92370678450743,180.6069664673772,252.14647777488952,151.1204834936314,76.76436184039511
Wisconsin.csv_2.csv 0,,2307.538695762497,1341.4695508754123,368.5733316417153,193.83227607206294,116.37224054808425,136.53044912458768,83.85156051763512,34.11697538695763
Wyoming.csv_2.csv 0,,3092.5084648493544,1875.576901004304,507.1206599713056,262.8787661406026,155.44275466284074,184.85925394548062,107.90616929698709,40.491248206599714